    0.199756062E+00    0.298964005E+00   -0.872297596E+00
    0.199756062E+00    0.298964005E+00   -0.872297596E+00
   -0.233373469E+01    0.131876491E+01   -0.121407364E+00
    0.131708206E+01   -0.977012886E+00    0.340472259E-01
   -0.969854593E-01    0.579734367E-01   -0.693405096E-01
    0.177616581E+01   -0.114791332E+01    0.101848516E+00
   -0.134323108E+01    0.933582832E+00   -0.889417498E-01
    0.195935996E+00   -0.125388840E+00    0.748400540E-01
    0.212967175E+01   -0.117120801E+01    0.621182444E-01
   -0.990381690E+00    0.594356207E+00   -0.383086182E-01
   -0.329953715E-01    0.343870645E-01    0.695490916E-01
   -0.187351349E+01    0.115742203E+01    0.296741177E-01
    0.117138078E+01   -0.801116143E+00   -0.317545392E-01
    0.224653701E+00   -0.130171596E+00   -0.619688067E-01
    0.218948781E+01   -0.122307187E+01    0.127910897E+00
   -0.122526854E+01    0.892990946E+00   -0.200178872E-01
    0.148851139E+00    0.388570168E-01    0.166212077E+00
   -0.199541931E+01    0.109730888E+01   -0.232944046E+00
    0.102974309E+01   -0.631676701E+00    0.115916486E+00
   -0.433781896E+00    0.244911866E+00   -0.117409455E+00
   -0.158478716E+01    0.730966963E+00    0.764669733E-02
    0.791843109E+00   -0.511055631E+00   -0.303375318E-02
   -0.325365788E+00    0.178632196E+00   -0.778709287E-01
    0.861289819E+00   -0.294969144E+00   -0.107248879E+00
   -0.121303204E+00    0.182032974E+00   -0.664501769E-01
   -0.362807041E+00    0.532981654E-01    0.266699927E+00
   -0.604628580E+00    0.311630100E+00   -0.730727292E-01
    0.341276413E+00   -0.358404216E+00    0.166892597E+00
   -0.384692453E+00    0.356564323E+00   -0.356170640E+00
    0.163490685E+01   -0.924821478E+00    0.258927350E+00
   -0.657527333E+00    0.475154441E+00   -0.934382276E-01
    0.808430822E-01   -0.454520244E-01    0.997578156E-01
   -0.135468452E+01    0.889325442E+00   -0.137919318E+00
    0.862319109E+00   -0.726796834E+00    0.100716638E+00
    0.179972979E+00   -0.116658843E+00   -0.633078033E-01
    0.466480430E+00   -0.273661740E+00    0.274006018E-01
   -0.466380806E+00    0.493510860E+00   -0.167250087E+00
    0.240764833E+00   -0.299951460E+00    0.320226876E+00
   -0.714852509E+00    0.346729943E+00    0.144642042E+00
    0.309038810E+00   -0.299615896E+00    0.183016656E-01
    0.462256733E+00   -0.187635665E+00   -0.318222230E+00
    0.138706924E+01   -0.815781495E+00   -0.815770957E-01
   -0.107319852E+01    0.753454715E+00    0.833815057E-01
    0.801765770E-01   -0.369744297E-01    0.821498641E-01
   -0.169057630E-01    0.206135757E-01    0.776196176E-02
    0.115197826E-01    0.574031926E-02    0.286307889E-02
    0.271919383E-02    0.838721301E-02   -0.704563203E-02
    0.266510873E-02   -0.133921950E-01   -0.867128075E-02
   -0.100577478E-01   -0.504775495E-02   -0.995531333E-02
   -0.468121133E-02   -0.109536010E-01    0.503763804E-02
   -0.395951526E-02    0.153194947E-01    0.728453502E-02
    0.102004512E-01    0.553556493E-02    0.102547619E-01
    0.803305098E-02    0.925127346E-02   -0.708512062E-02
    0.595988862E-02   -0.141999792E-01   -0.295572109E-02
   -0.176136408E-01    0.584228356E-02   -0.984113752E-02
   -0.794007455E-02   -0.608519820E-02    0.240954952E-02
   -0.160881609E-01    0.174016141E-01    0.795836245E-02
    0.266451307E-01   -0.279215629E-02    0.135390699E-01
    0.119882418E-01    0.115072671E-01   -0.188167021E-01
    0.238083499E-01   -0.116906947E-01   -0.486645613E-02
    0.531085652E-02   -0.126433314E-01   -0.801751160E-02
    0.878605885E-02   -0.166024751E-01    0.610702785E-03
   -0.673581330E-02    0.536893288E-02    0.644515317E-02
    0.183176624E-01    0.372442510E-02    0.150594690E-01
    0.908511322E-02    0.102831694E-01   -0.442139359E-02
   -0.981910719E-02    0.116287899E-01   -0.177795296E-02
    0.306228153E-01   -0.338308078E-02    0.101693083E-01
    0.966802561E-02    0.587970325E-02   -0.733242304E-02
    0.731538788E-02   -0.729390397E-02   -0.481426447E-02
   -0.914789426E-02   -0.916615838E-02   -0.129522728E-01
   -0.797618440E-02   -0.100206766E-01    0.324941254E-02
    0.303081809E-01   -0.244768403E-01   -0.123633708E-01
   -0.111896038E-01   -0.721477570E-02   -0.211805326E-01
   -0.650924723E-02   -0.240378858E-01    0.182486358E-01
