    0.178162403E+00    0.264107640E+00   -0.767890767E+00
    0.178162403E+00    0.264107640E+00   -0.767890767E+00
   -0.189470198E+01    0.107101247E+01   -0.994170630E-01
    0.107017134E+01   -0.792122384E+00    0.306108223E-01
   -0.778150833E-01    0.494645594E-01   -0.571492537E-01
    0.147584606E+01   -0.975397858E+00    0.116392819E+00
   -0.110475352E+01    0.756431474E+00   -0.747631243E-01
    0.128552558E+00   -0.638435385E-01    0.126503314E-01
    0.175102167E+01   -0.964765340E+00    0.425200424E-01
   -0.848969304E+00    0.485931455E+00   -0.800617867E-02
    0.262627095E-01    0.138843049E-01    0.104331346E-01
   -0.156010615E+01    0.963987520E+00    0.388441744E-01
    0.996089602E+00   -0.652250391E+00   -0.585020880E-01
    0.158214206E+00   -0.109910383E+00   -0.517225192E-02
    0.180236918E+01   -0.100842667E+01    0.104580634E+00
   -0.100988751E+01    0.736707656E+00   -0.203596373E-01
    0.121798401E+00    0.315638807E-01    0.139453033E+00
   -0.165661242E+01    0.937936579E+00   -0.236443508E+00
    0.859657922E+00   -0.514670685E+00    0.934880382E-01
   -0.352233724E+00    0.184993782E+00   -0.547311479E-01
   -0.139718730E+01    0.651483631E+00    0.129292263E-01
    0.695040785E+00   -0.440297152E+00   -0.137570215E-01
   -0.281158606E+00    0.149202964E+00   -0.494206938E-01
    0.781569547E+00   -0.288034657E+00   -0.764961840E-01
   -0.120985918E+00    0.162392577E+00   -0.582842024E-01
   -0.313135454E+00    0.529317890E-01    0.218651338E+00
   -0.554540707E+00    0.288425819E+00   -0.614869901E-01
    0.312086350E+00   -0.309487999E+00    0.135985848E+00
   -0.346892319E+00    0.310119022E+00   -0.294890763E+00
    0.141936167E+01   -0.818505844E+00    0.244872971E+00
   -0.574749853E+00    0.409334470E+00   -0.811588944E-01
    0.796475648E-01   -0.415331808E-01    0.727482687E-01
   -0.118935450E+01    0.787227450E+00   -0.136661372E+00
    0.773596911E+00   -0.640044553E+00    0.908751217E-01
    0.148441737E+00   -0.101438941E+00   -0.382428847E-01
    0.434502873E+00   -0.255004058E+00    0.192543791E-01
   -0.443599523E+00    0.441330060E+00   -0.134883590E+00
    0.220658336E+00   -0.260749959E+00    0.263909411E+00
   -0.638220406E+00    0.320160505E+00    0.113839546E+00
    0.292820128E+00   -0.271905464E+00    0.184601139E-01
    0.402402633E+00   -0.169464997E+00   -0.260091615E+00
    0.121150690E+01   -0.708864020E+00   -0.786841490E-01
   -0.945228382E+00    0.646984987E+00    0.862438921E-01
    0.655001995E-01   -0.238373353E-01    0.536908837E-01
   -0.162066554E-01    0.189338544E-01    0.591012898E-02
    0.102146084E-01    0.449235695E-02    0.270951512E-02
    0.174713003E-02    0.705747696E-02   -0.568384359E-02
   -0.288877753E-03   -0.109108422E-01   -0.700645136E-02
   -0.858200433E-02   -0.551135289E-02   -0.871311444E-02
   -0.180502454E-02   -0.109563200E-01    0.336172354E-02
   -0.240949199E-02    0.130527938E-01    0.679508908E-02
    0.702792798E-02    0.720811402E-02    0.861832443E-02
    0.866829874E-02    0.678201198E-02   -0.480295625E-02
    0.595697180E-02   -0.122781911E-01   -0.238201366E-02
   -0.166330850E-01    0.594958267E-02   -0.789107809E-02
   -0.722243029E-02   -0.479158967E-02    0.157525337E-02
   -0.131722301E-01    0.139440941E-01    0.594005137E-02
    0.219496298E-01   -0.286706540E-02    0.103243899E-01
    0.915690949E-02    0.819700290E-02   -0.141117765E-01
    0.220416890E-01   -0.113738903E-01   -0.338143738E-02
    0.497283699E-02   -0.112563992E-01   -0.555472349E-02
    0.848185978E-02   -0.148515385E-01    0.650654342E-03
   -0.237254368E-02    0.355096625E-02    0.528521637E-02
    0.171988453E-01    0.341362747E-02    0.132770431E-01
    0.631332147E-02    0.961921674E-02   -0.276685125E-02
   -0.954911998E-02    0.103948140E-01   -0.124212576E-02
    0.283646884E-01   -0.396059035E-02    0.810109917E-02
    0.852165711E-02    0.443924630E-02   -0.592276600E-02
    0.481950650E-02   -0.597118449E-02   -0.446422842E-02
   -0.668968399E-02   -0.100182211E-01   -0.105276408E-01
   -0.918902132E-02   -0.747118160E-02    0.167768733E-02
    0.257263104E-01   -0.205779439E-01   -0.949875593E-02
   -0.911279339E-02   -0.578410380E-02   -0.162929141E-01
   -0.491586028E-02   -0.194062928E-01    0.141850841E-01
