    0.248885344E+00    0.326678488E+00   -0.916205790E+00
    0.248885344E+00    0.326678488E+00   -0.916205790E+00
   -0.202700494E+01    0.113438868E+01   -0.119014875E+00
    0.113452082E+01   -0.841964198E+00    0.292184433E-01
   -0.115807860E+00    0.342093694E-01   -0.878880783E-01
    0.172132916E+01   -0.105338835E+01    0.130749625E+00
   -0.110743440E+01    0.723353994E+00   -0.746561529E-01
    0.208603173E+00   -0.116927330E+00    0.286439360E-01
    0.183546694E+01   -0.105891493E+01    0.599590993E-01
   -0.100611776E+01    0.623431323E+00   -0.229576893E-01
   -0.159904569E-01    0.228611907E-01    0.128604437E-01
   -0.180864624E+01    0.106262012E+01   -0.525374757E-01
    0.103238116E+01   -0.650127292E+00    0.171294744E-01
    0.341975711E-01   -0.311315312E-01   -0.128966699E-01
    0.202486994E+01   -0.113636833E+01    0.118632195E+00
   -0.113620019E+01    0.836653763E+00   -0.292167496E-01
    0.121953073E+00   -0.244790408E-01    0.943553280E-01
   -0.174906608E+01    0.105013355E+01   -0.141283427E+00
    0.108000995E+01   -0.692816776E+00    0.752142021E-01
   -0.227097824E+00    0.127521506E+00   -0.310569842E-01
   -0.136446069E+01    0.708271482E+00    0.215971342E-01
    0.832522287E+00   -0.562188768E+00   -0.207612751E-01
   -0.259321927E+00    0.138728732E+00   -0.759840685E-01
    0.735932250E+00   -0.316234221E+00   -0.105226559E+00
   -0.191829620E+00    0.210742591E+00   -0.379126131E-01
   -0.326135239E+00    0.870756855E-01    0.270619052E+00
   -0.527079937E+00    0.279735969E+00   -0.526014715E-01
    0.385526819E+00   -0.375366481E+00    0.146428490E+00
   -0.281588643E+00    0.278021361E+00   -0.315596889E+00
    0.140602680E+01   -0.835876835E+00    0.178490267E+00
   -0.678949044E+00    0.526391765E+00   -0.827533256E-01
   -0.902631007E-01    0.673768372E-01    0.719007665E-01
   -0.137630110E+01    0.835775430E+00   -0.166044964E+00
    0.711787878E+00   -0.561838807E+00    0.863044116E-01
    0.111990646E+00   -0.798485650E-01   -0.664235922E-01
    0.512745181E+00   -0.277667382E+00    0.470664033E-01
   -0.403617325E+00    0.396365873E+00   -0.147995916E+00
    0.268499504E+00   -0.276837235E+00    0.310093431E+00
   -0.716369795E+00    0.318502244E+00    0.108558868E+00
    0.213226354E+00   -0.225173241E+00    0.339455379E-01
    0.333820769E+00   -0.989598780E-01   -0.275232252E+00
    0.133158032E+01   -0.711413866E+00   -0.274998121E-01
   -0.867297661E+00    0.591852326E+00    0.295528944E-01
    0.237377748E+00   -0.126410267E+00    0.782654896E-01
   -0.140729010E-01    0.141371935E-01    0.781869381E-02
    0.167185292E-01    0.265886293E-02    0.657503881E-02
    0.352095964E-02    0.910655693E-02   -0.647925993E-02
    0.706470580E-03   -0.100906523E-01   -0.684770937E-02
   -0.128246804E-01   -0.829641202E-02   -0.101106288E-01
   -0.284430439E-02   -0.124109191E-01    0.604424774E-02
   -0.249122538E-02    0.115937095E-01    0.599817701E-02
    0.100872494E-01    0.974238442E-02    0.105299573E-01
    0.103448505E-01    0.799230804E-02   -0.572470808E-02
    0.132491803E-01   -0.166566632E-01   -0.159106497E-02
   -0.142024738E-01   -0.165107187E-02   -0.108790774E-01
   -0.604555971E-02   -0.820447414E-02    0.608212650E-02
   -0.188494171E-01    0.187513228E-01    0.859388944E-02
    0.190205656E-01    0.236052084E-02    0.151508132E-01
    0.886827441E-02    0.151822394E-01   -0.192219676E-01
    0.153797087E-01   -0.134556960E-01   -0.762858312E-02
   -0.155921703E-01   -0.351407126E-02   -0.729217316E-02
   -0.311446715E-02   -0.983617150E-02    0.600047717E-02
   -0.250626769E-02    0.971368472E-02    0.633883136E-02
    0.110938981E-01    0.101157282E-01    0.104199858E-01
    0.184851077E-02    0.130442683E-01   -0.605577387E-02
   -0.140191298E-01    0.163202650E-01    0.875939476E-03
    0.140500302E-01    0.292485101E-02    0.106508127E-01
    0.542660261E-02    0.810501230E-02   -0.664531548E-02
    0.425264643E-02   -0.112303623E-01   -0.545715835E-02
   -0.854019920E-02   -0.114432903E-01   -0.107700663E-01
   -0.939473126E-02   -0.849855300E-02    0.574303515E-02
    0.193291433E-01   -0.186463601E-01   -0.894602181E-02
   -0.183400240E-01   -0.221357386E-02   -0.158143949E-01
   -0.884756888E-02   -0.156811014E-01    0.185972251E-01
