    0.215641216E+00    0.283199364E+00   -0.794136202E+00
    0.215641216E+00    0.283199364E+00   -0.794136202E+00
   -0.169918832E+01    0.953800021E+00   -0.976339230E-01
    0.953941816E+00   -0.702118999E+00    0.276794129E-01
   -0.952683679E-01    0.316410582E-01   -0.743435318E-01
    0.145803248E+01   -0.918326961E+00    0.149364337E+00
   -0.937347220E+00    0.602406663E+00   -0.659796151E-01
    0.162007943E+00   -0.703224617E-01   -0.261922784E-01
    0.155631498E+01   -0.895791887E+00    0.338956913E-01
   -0.878066311E+00    0.516754508E+00    0.101922036E-01
    0.236183854E-01    0.180780432E-01   -0.398014690E-01
   -0.153338156E+01    0.898701666E+00   -0.279651869E-01
    0.901219117E+00   -0.539395785E+00   -0.155534368E-01
   -0.769733613E-02   -0.253390731E-01    0.393545521E-01
    0.169737025E+01   -0.955733716E+00    0.975782509E-01
   -0.955676261E+00    0.697559387E+00   -0.270526794E-01
    0.100394535E+00   -0.235017609E-01    0.801140872E-01
   -0.148175734E+01    0.916325445E+00   -0.158635899E+00
    0.913655559E+00   -0.576147971E+00    0.656645831E-01
   -0.178062717E+00    0.797563711E-01    0.238419336E-01
   -0.122885179E+01    0.637512750E+00    0.313902175E-01
    0.750276778E+00   -0.490761995E+00   -0.338920387E-01
   -0.226314722E+00    0.112889115E+00   -0.443350790E-01
    0.673829553E+00   -0.303067385E+00   -0.810512744E-01
   -0.181763075E+00    0.187629518E+00   -0.355189034E-01
   -0.296026206E+00    0.861513995E-01    0.223700503E+00
   -0.487058435E+00    0.261088025E+00   -0.422097806E-01
    0.363677412E+00   -0.334935706E+00    0.122709437E+00
   -0.264646433E+00    0.250448713E+00   -0.263526091E+00
    0.125135177E+01   -0.759655819E+00    0.179723850E+00
   -0.614882310E+00    0.470322972E+00   -0.791736384E-01
   -0.657687123E-01    0.582964190E-01    0.434165825E-01
   -0.122453162E+01    0.758287771E+00   -0.169179276E+00
    0.645900221E+00   -0.502226260E+00    0.823592866E-01
    0.858170627E-01   -0.696451225E-01   -0.386827202E-01
    0.473447431E+00   -0.258926180E+00    0.374626427E-01
   -0.381394573E+00    0.354319478E+00   -0.123810829E+00
    0.252420838E+00   -0.248979959E+00    0.258960704E+00
   -0.655722872E+00    0.304382068E+00    0.842375951E-01
    0.202098745E+00   -0.201532427E+00    0.324188964E-01
    0.303601961E+00   -0.969619722E-01   -0.227412216E+00
    0.119929333E+01   -0.638939568E+00   -0.363776358E-01
   -0.782896217E+00    0.517573421E+00    0.410655835E-01
    0.206205640E+00   -0.101327558E+00    0.462812548E-01
   -0.138092803E-01    0.132469345E-01    0.637639246E-02
    0.154701362E-01    0.151478280E-02    0.571454641E-02
    0.285375391E-02    0.775159331E-02   -0.538924306E-02
   -0.935049539E-03   -0.797019915E-02   -0.554976453E-02
   -0.111359730E-01   -0.721717578E-02   -0.862188226E-02
   -0.771372148E-03   -0.114420437E-01    0.469767868E-02
   -0.159245944E-02    0.960151526E-02    0.529080487E-02
    0.767835328E-02    0.924009337E-02    0.872130073E-02
    0.104359217E-01    0.564305288E-02   -0.420220933E-02
    0.132298355E-01   -0.152985515E-01   -0.137097625E-02
   -0.133239183E-01   -0.738063810E-03   -0.919200170E-02
   -0.508433148E-02   -0.697162219E-02    0.502010683E-02
   -0.160567690E-01    0.151485585E-01    0.661299121E-02
    0.153824010E-01    0.101027111E-02    0.117789857E-01
    0.682116207E-02    0.117688052E-01   -0.153819662E-01
    0.149870018E-01   -0.127025935E-01   -0.620812623E-02
   -0.143793679E-01   -0.230162286E-02   -0.630983535E-02
   -0.245796955E-02   -0.844605389E-02    0.496879289E-02
   -0.648488345E-03    0.771330739E-02    0.518179840E-02
    0.950657266E-02    0.879734161E-02    0.894955253E-02
   -0.152590371E-03    0.119876666E-01   -0.467823841E-02
   -0.139237229E-01    0.150543059E-01    0.762163849E-03
    0.131228647E-01    0.188236638E-02    0.898535178E-02
    0.449117102E-02    0.688758776E-02   -0.552350691E-02
    0.313710037E-02   -0.938819747E-02   -0.480026152E-02
   -0.626249648E-02   -0.107508983E-01   -0.882824437E-02
   -0.959412903E-02   -0.613814955E-02    0.425058630E-02
    0.164639654E-01   -0.150613082E-01   -0.689463057E-02
   -0.148022511E-01   -0.883899288E-03   -0.123060359E-01
   -0.682348904E-02   -0.122240469E-01    0.148617686E-01
