     2.55558      2.7167185    
     2.55908      2.7560200    
     2.56258      2.7961156    
     2.56608      2.8370271    
     2.56958      2.8787772    
     2.57308      2.9213891    
     2.57658      2.9648870    
     2.58008      3.0092961    
     2.58358      3.0546424    
     2.58708      3.1009528    
     2.59058      3.1482552    
     2.59408      3.1965788    
     2.59758      3.2459537    
     2.60108      3.2964111    
     2.60458      3.3479835    
     2.60808      3.4007048    
     2.61158      3.4546101    
     2.61508      3.5097358    
     2.61858      3.5661202    
     2.62208      3.6238026    
     2.62558      3.6828244    
     2.62908      3.7432285    
     2.63258      3.8050596    
     2.63608      3.8683642    
     2.63958      3.9331911    
     2.64308      3.9995909    
     2.64658      4.0676163    
     2.65008      4.1373224    
     2.65358      4.2087669    
     2.65708      4.2820096    
     2.66058      4.3571132    
     2.66408      4.4341431    
     2.66758      4.5131677    
     2.67108      4.5942586    
     2.67458      4.6774906    
     2.67808      4.7629424    
     2.68158      4.8506962    
     2.68508      4.9408388    
     2.68858      5.0334613    
     2.69208      5.1286599    
     2.69558      5.2265363    
     2.69908      5.3271980    
     2.70258      5.4307594    
     2.70608      5.5373417    
     2.70958      5.6470744    
     2.71308      5.7600958    
     2.71658      5.8765535    
     2.72008      5.9966064    
     2.72358      6.1204248    
     2.72708      6.2481927    
     2.73058      6.3801084    
     2.73408      6.5163869    
     2.73758      6.6572617    
     2.74108      6.8029874    
     2.74458      6.9538426    
     2.74808      7.1101336    
     2.75158      7.2721991    
     2.75508      7.4404152    
     2.75858      7.6152030    
     2.76208      7.7970364    
     2.76558      7.9864521    
     2.76908      8.1840617    
     2.77258      8.3905654    
     2.77608      8.6067678    
     2.77958      8.8335950    
     2.78308      9.0721136    
     2.78658      9.3235494    
     2.79008      9.5893057    
     2.79358      9.8709798    
     2.79708      10.170375    
     2.80058      10.489509    
     2.80408      10.830608    
     2.80758      11.196100    
     2.81108      11.588588    
     2.81458      12.010818    
     2.81808      12.465622    
     2.82158      12.955860    
     2.82508      13.484350    
     2.82858      14.053785    
     2.83208      14.666656    
     2.83558      15.325185    
     2.83908      16.031269    
     2.84258      16.786457    
     2.84608      17.591959    
     2.84958      18.448714    
     2.85308      19.357506    
     2.85658      20.319157    
     2.86008      21.334788    
     2.86358      22.406162    
     2.86708      23.536107    
     2.87058      24.729012    
     2.87408      25.991415    
     2.87758      27.332644    
     2.88108      28.765540    
     2.88458      30.307241    
     2.88808      31.980016    
     2.89158      33.812168    
     2.89508      35.838991    
     2.89858      38.103796    
     2.90208      40.659031    
     2.90558      43.567521    
     2.90908      46.903896    
     2.91258      50.756291    
     2.91608      55.228453    
     2.91958      60.442451    
     2.92308      66.542239    
     2.92658      73.698409    
     2.93008      82.114560    
     2.93358      92.035780    
     2.93708      103.75980    
     2.94058      117.65142    
     2.94408      134.16081    
     2.94758      153.84605    
     2.95108      177.40025    
     2.95458      205.68296    
     2.95808      239.75521    
     2.96158      280.91664    
     2.96508      330.74214    
     2.96858      391.11442    
     2.97208      464.24767    
     2.97558      552.69615    
     2.97908      659.34074    
     2.98258      787.34609    
     2.98608      940.08097    
     2.98958      1120.9961    
     2.99308      1333.4555    
     2.99658      1580.5228    
     3.00008      1864.7051    
     3.00358      2187.6690    
     3.00708      2549.9417    
     3.01058      2950.6238    
     3.01408      3387.1387    
     3.01758      3855.0495    
     3.02108      4347.9723    
     3.02458      4857.6114    
     3.02808      5373.9321    
     3.03158      5885.4795    
     3.03508      6379.8334    
     3.03858      6844.1790    
     3.04208      7265.9560    
     3.04558      7633.5414    
     3.04908      7936.9094    
     3.05258      8168.2160    
     3.05608      8322.2551    
     3.05958      8396.7480    
     3.06308      8392.4392    
     3.06658      8312.9927    
     3.07008      8164.6990    
     3.07358      7956.0222    
     3.07708      7697.0293    
     3.08058      7398.7522    
     3.08408      7072.5381    
     3.08758      6729.4380    
     3.09108      6379.6770    
     3.09458      6032.2404    
     3.09808      5694.5926    
     3.10158      5372.5345    
     3.10508      5070.1936    
     3.10858      4790.1281    
     3.11208      4533.5220    
     3.11558      4300.4431    
     3.11908      4090.1356    
     3.12258      3901.3208    
     3.12608      3732.4819    
     3.12958      3582.1168    
     3.13308      3448.9439    
     3.13658      3332.0548    
     3.14008      3231.0098    
     3.14358      3145.8787    
     3.14708      3077.2294    
     3.15058      3026.0726    
     3.15408      2993.7687    
     3.15758      2981.9072    
     3.16108      2992.1645    
     3.16458      3026.1513    
     3.16808      3085.2539    
     3.17158      3170.4793    
     3.17508      3282.3077    
     3.17858      3420.5617    
     3.18208      3584.2959    
     3.18558      3771.7148    
     3.18908      3980.1254    
     3.19258      4205.9293    
     3.19608      4444.6609    
     3.19958      4691.0736    
     3.20308      4939.2764    
     3.20658      5182.9171    
     3.21008      5415.4072    
     3.21358      5630.1788    
     3.21708      5820.9584    
     3.22058      5982.0439    
     3.22408      6108.5649    
     3.22758      6196.7094    
     3.23108      6243.9003    
     3.23458      6248.9080    
     3.23808      6211.8913    
     3.24158      6134.3627    
     3.24508      6019.0804    
     3.24858      5869.8771    
     3.25208      5691.4355    
     3.25558      5489.0310    
     3.25908      5268.2576    
     3.26258      5034.7570    
     3.26608      4793.9690    
     3.26958      4550.9166    
     3.27308      4310.0388    
     3.27658      4075.0750    
     3.28008      3849.0057    
     3.28358      3634.0444    
     3.28708      3431.6760    
     3.29058      3242.7333    
     3.29408      3067.4995    
     3.29758      2905.8276    
     3.30108      2757.2647    
     3.30458      2621.1716    
     3.30808      2496.8309    
     3.31158      2383.5368    
     3.31508      2280.6633    
     3.31858      2187.7088    
     3.32208      2104.3187    
     3.32558      2030.2865    
     3.32908      1965.5358    
     3.33258      1910.0899    
     3.33608      1864.0294    
     3.33958      1827.4442    
     3.34308      1800.3839    
     3.34658      1782.8088    
     3.35008      1774.5461    
     3.35358      1775.2530    
     3.35708      1784.3889    
     3.36058      1801.1993    
     3.36408      1824.7098    
     3.36758      1853.7342    
     3.37108      1886.8938    
     3.37458      1922.6483    
     3.37808      1959.3383    
     3.38158      1995.2363    
     3.38508      2028.6043    
     3.38858      2057.7564    
     3.39208      2081.1217    
     3.39558      2097.3053    
     3.39908      2105.1435    
     3.40258      2103.7496    
     3.40608      2092.5474    
     3.40958      2071.2911    
     3.41308      2040.0684    
     3.41658      1999.2879    
     3.42008      1949.6517    
     3.42358      1892.1130    
     3.42708      1827.8245    
     3.43058      1758.0785    
     3.43408      1684.2437    
     3.43758      1607.7030    
     3.44108      1529.7954    
     3.44458      1451.7656    
     3.44808      1374.7234    
     3.45158      1299.6156    
     3.45508      1227.2089    
     3.45858      1158.0857    
     3.46208      1092.6501    
     3.46558      1031.1433    
     3.46908      973.66504    
     3.47258      920.19983    
     3.47608      870.64506    
     3.47958      824.83862    
     3.48308      782.58449    
     3.48658      743.67472    
     3.49008      707.90696    
     3.49358      675.09691    
     3.49708      645.08577    
     3.50058      617.74297    
     3.50408      592.96480    
     3.50758      570.66964    
     3.51108      550.79093    
     3.51458      533.26853    
     3.51808      518.03962    
     3.52158      505.02988    
     3.52508      494.14556    
     3.52858      485.26716    
     3.53208      478.24499    
     3.53558      472.89688    
     3.53908      469.00821    
     3.54258      466.33414    
     3.54608      464.60399    
     3.54958      463.52744    
     3.55308      462.80229    
     3.55658      462.12340    
     3.56008      461.19230    
     3.56358      459.72704    
     3.56708      457.47174    
     3.57058      454.20536    
     3.57408      449.74916    
     3.57758      443.97252    
     3.58108      436.79663    
     3.58458      428.19595    
     3.58808      418.19732    
     3.59158      406.87666    
     3.59508      394.35361    
     3.59858      380.78435    
     3.60208      366.35304    
     3.60558      351.26248    
     3.60908      335.72451    
     3.61258      319.95069    
     3.61608      304.14387    
     3.61958      288.49092    
     3.62308      273.15711    
     3.62658      258.28218    
     3.63008      243.97826    
     3.63358      230.32941    
     3.63708      217.39275    
     3.64058      205.20082    
     3.64408      193.76484    
     3.64758      183.07857    
     3.65108      173.12240    
     3.65458      163.86739    
     3.65808      155.27892    
     3.66158      147.31997    
     3.66508      139.95357    
     3.66858      133.14475    
     3.67208      126.86158    
     3.67558      121.07577    
     3.67908      115.76251    
     3.68258      110.89998    
     3.68608      106.46854    
     3.68958      102.44962    
     3.69308      98.824672    
     3.69658      95.574119    
     3.70008      92.676411    
     3.70358      90.107347    
     3.70708      87.839615    
     3.71058      85.842635    
     3.71408      84.082678    
     3.71758      82.523255    
     3.72108      81.125752    
     3.72458      79.850266    
     3.72808      78.656585    
     3.73158      77.505275    
     3.73508      76.358789    
     3.73858      75.182565    
     3.74208      73.946033    
     3.74558      72.623487    
     3.74908      71.194778    
     3.75258      69.645783    
     3.75608      67.968622    
     3.75958      66.161622    
     3.76308      64.229021    
     3.76658      62.180437    
     3.77008      60.030122    
     3.77358      57.796060    
     3.77708      55.498960    
     3.78058      53.161187    
     3.78408      50.805717    
     3.78758      48.455147    
     3.79108      46.130826    
     3.79458      43.852136    
     3.79808      41.635951    
     3.80158      39.496286    
     3.80508      37.444132    
     3.80858      35.487463    
     3.81208      33.631398    
     3.81558      31.878473    
     3.81908      30.229005    
     3.82258      28.681502    
     3.82608      27.233087    
     3.82958      25.879911    
     3.83308      24.617528    
     3.83658      23.441216    
     3.84008      22.346225    
     3.84358      21.327966    
     3.84708      20.382120    
     3.85058      19.504695    
     3.85408      18.692017    
     3.85758      17.940690    
     3.86108      17.247521    
     3.86458      16.609433    
     3.86808      16.023370    
     3.87158      15.486210    
     3.87508      14.994695    
     3.87858      14.545378    
     3.88208      14.134596    
     3.88558      13.758468    
     3.88908      13.412921    
     3.89258      13.093734    
     3.89608      12.796606    
     3.89958      12.517240    
     3.90308      12.251428    
     3.90658      11.995155    
     3.91008      11.744688    
     3.91358      11.496667    
     3.91708      11.248183    
     3.92058      10.996837    
     3.92408      10.740789    
     3.92758      10.478774    
     3.93108      10.210106    
     3.93458      9.9346574    
     3.93808      9.6528109    
     3.94158      9.3654047    
     3.94508      9.0736544    
     3.94858      8.7790681    
     3.95208      8.4833552    
     3.95558      8.1883348    
     3.95908      7.8958478    
     3.96258      7.6076775    
     3.96608      7.3254819    
     3.96958      7.0507391    
     3.97308      6.7847093    
     3.97658      6.5284114    
     3.98008      6.2826143    
     3.98358      6.0478427    
     3.98708      5.8243921    
     3.99058      5.6123542    
     3.99408      5.4116459    
     3.99758      5.2220435    
     4.00108      5.0432154    
     4.00458      4.8747541    
     4.00808      4.7162050    
     4.01158      4.5670901    
     4.01508      4.4269270    
     4.01858      4.2952427    
     4.02208      4.1715820    
     4.02558      4.0555112    
     4.02908      3.9466188    
     4.03258      3.8445126    
     4.03608      3.7488152    
     4.03958      3.6591586    
     4.04308      3.5751783    
     4.04658      3.4965085    
     4.05008      3.4227785    
     4.05358      3.3536095    
     4.05708      3.2886147    
     4.06058      3.2273998    
     4.06408      3.1695660    
     4.06758      3.1147143    
     4.07108      3.0624501    
     4.07458      3.0123901    
     4.07808      2.9641683    
     4.08158      2.9174426    
     4.08508      2.8719008    
     4.08858      2.8272662    
     4.09208      2.7833018    
     4.09558      2.7398137    
     4.09908      2.6966521    
     4.10258      2.6537122    
     4.10608      2.6109325    
     4.10958      2.5682916    
     4.11308      2.5258048    
     4.11658      2.4835185    
     4.12008      2.4415045    
     4.12358      2.3998533    
     4.12708      2.3586680    
     4.13058      2.3180578    
     4.13408      2.2781319    
     4.13758      2.2389949    
     4.14108      2.2007420    
     4.14458      2.1634562    
     4.14808      2.1272057    
     4.15158      2.0920429    
     4.15508      2.0580041    
     4.15858      2.0251099    
     4.16208      1.9933667    
     4.16558      1.9627678    
     4.16908      1.9332959    
     4.17258      1.9049249    
     4.17608      1.8776219    
     4.17958      1.8513495    
     4.18308      1.8260671    
     4.18658      1.8017326    
     4.19008      1.7783036    
     4.19358      1.7557379    
     4.19708      1.7339943    
     4.20058      1.7130327    
     4.20408      1.6928143    
     4.20758      1.6733015    
     4.21108      1.6544577    
     4.21458      1.6362469    
     4.21808      1.6186337    
     4.22158      1.6015830    
     4.22508      1.5850599    
     4.22858      1.5690295    
     4.23208      1.5534574    
     4.23558      1.5383092    
     4.23908      1.5235511    
     4.24258      1.5091503    
     4.24608      1.4950748    
     4.24958      1.4812945    
     4.25308      1.4677807    
     4.25658      1.4545072    
     4.26008      1.4414502    
     4.26358      1.4285885    
     4.26708      1.4159041    
     4.27058      1.4033817    
     4.27408      1.3910091    
     4.27758      1.3787771    
     4.28108      1.3666791    
     4.28458      1.3547111    
     4.28808      1.3428713    
     4.29158      1.3311599    
     4.29508      1.3195783    
     4.29858      1.3081293    
     4.30208      1.2968162    
     4.30558      1.2856428    
     4.30908      1.2746128    
     4.31258      1.2637298    
     4.31608      1.2529967    
     4.31958      1.2424161    
     4.32308      1.2319895    
     4.32658      1.2217177    
     4.33008      1.2116008    
     4.33358      1.2016379    
     4.33708      1.1918276    
     4.34058      1.1821677    
     4.34408      1.1726556    
     4.34758      1.1632880    
     4.35108      1.1540616    
     4.35458      1.1449726    
     4.35808      1.1360174    
     4.36158      1.1271918    
     4.36508      1.1184921    
     4.36858      1.1099144    
     4.37208      1.1014547    
     4.37558      1.0931093    
     4.37908      1.0848746    
     4.38258      1.0767468    
     4.38608      1.0687224    
     4.38958      1.0607980    
     4.39308      1.0529702    
     4.39658      1.0452355    
     4.40008      1.0375907    
     4.40358      1.0300326    
     4.40708      1.0225579    
     4.41058      1.0151636    
     4.41408      1.0078467    
     4.41758      1.0006044    
     4.42108     0.99343375    
     4.42458     0.98633223    
     4.42808     0.97929735    
     4.43158     0.97232679    
     4.43508     0.96541842    
     4.43858     0.95857029    
     4.44208     0.95178064    
     4.44558     0.94504790    
     4.44908     0.93837067    
     4.45258     0.93174774    
     4.45608     0.92517805    
     4.45958     0.91866069    
     4.46308     0.91219488    
     4.46658     0.90577995    
     4.47008     0.89941530    
     4.47358     0.89310043    
     4.47708     0.88683484    
     4.48058     0.88061811    
     4.48408     0.87444979    
     4.48758     0.86832947    
     4.49108     0.86225670    
     4.49458     0.85623102    
     4.49808     0.85025195    
     4.50158     0.84431898    
     4.50508     0.83843157    
     4.50858     0.83258916    
     4.51208     0.82679117    
     4.51558     0.82103697    
     4.51908     0.81532596    
     4.52258     0.80965749    
     4.52608     0.80403092    
     4.52958     0.79844560    
     4.53308     0.79290089    
     4.53658     0.78739613    
     4.54008     0.78193069    
     4.54358     0.77650392    
     4.54708     0.77111520    
     4.55058     0.76576392    
     4.55408     0.76044946    
     4.55758     0.75517122    
     4.56108     0.74992861    
     4.56458     0.74472105    
     4.56808     0.73954797    
     4.57158     0.73440880    
     4.57508     0.72930300    
     4.57858     0.72423003    
     4.58208     0.71918935    
     4.58558     0.71418044    
     4.58908     0.70920280    
     4.59258     0.70425594    
     4.59608     0.69933936    
     4.59958     0.69445260    
     4.60308     0.68959520    
     4.60658     0.68476672    
     4.61008     0.67996674    
     4.61358     0.67519483    
     4.61708     0.67045060    
     4.62058     0.66573367    
     4.62408     0.66104365    
     4.62758     0.65638019    
     4.63108     0.65174294    
     4.63458     0.64713156    
     4.63808     0.64254572    
     4.64158     0.63798510    
     4.64508     0.63344939    
     4.64858     0.62893828    
     4.65208     0.62445148    
     4.65558     0.61998869    
     4.65908     0.61554961    
     4.66258     0.61113396    
     4.66608     0.60674146    
     4.66958     0.60237183    
     4.67308     0.59802478    
     4.67658     0.59370004    
     4.68008     0.58939733    
     4.68358     0.58511638    
     4.68708     0.58085693    
     4.69058     0.57661870    
     4.69408     0.57240142    
     4.69758     0.56820483    
     4.70108     0.56402867    
     4.70458     0.55987268    
     4.70808     0.55573660    
     4.71158     0.55162018    
     4.71508     0.54752316    
     4.71858     0.54344530    
     4.72208     0.53938634    
     4.72558     0.53534606    
     4.72908     0.53132419    
     4.73258     0.52732051    
     4.73608     0.52333478    
     4.73958     0.51936676    
     4.74308     0.51541623    
     4.74658     0.51148296    
     4.75008     0.50756672    
     4.75358     0.50366729    
     4.75708     0.49978445    
     4.76058     0.49591798    
     4.76408     0.49206766    
     4.76758     0.48823329    
     4.77108     0.48441465    
     4.77458     0.48061153    
     4.77808     0.47682374    
     4.78158     0.47305106    
     4.78508     0.46929330    
     4.78858     0.46555026    
     4.79208     0.46182174    
     4.79558     0.45810756    
     4.79908     0.45440751    
     4.80258     0.45072141    
     4.80608     0.44704907    
     4.80958     0.44339031    
     4.81308     0.43974495    
     4.81658     0.43611280    
     4.82008     0.43249368    
     4.82358     0.42888742    
     4.82708     0.42529385    
     4.83058     0.42171278    
     4.83408     0.41814404    
     4.83758     0.41458746    
     4.84108     0.41104288    
     4.84458     0.40751013    
     4.84808     0.40398903    
     4.85158     0.40047943    
     4.85508     0.39698115    
     4.85858     0.39349404    
     4.86208     0.39001794    
     4.86558     0.38655267    
     4.86908     0.38309810    
     4.87258     0.37965405    
     4.87608     0.37622038    
     4.87958     0.37279691    
     4.88308     0.36938352    
     4.88658     0.36598003    
     4.89008     0.36258630    
     4.89358     0.35920217    
     4.89708     0.35582750    
     4.90058     0.35246215    
     4.90408     0.34910595    
     4.90758     0.34575877    
     4.91108     0.34242046    
     4.91458     0.33909087    
     4.91808     0.33576987    
     4.92158     0.33245731    
     4.92508     0.32915305    
     4.92858     0.32585694    
     4.93208     0.32256886    
     4.93558     0.31928866    
     4.93908     0.31601621    
     4.94258     0.31275136    
     4.94608     0.30949399    
     4.94958     0.30624396    
     4.95308     0.30300113    
     4.95658     0.29976537    
     4.96008     0.29653655    
     4.96358     0.29331454    
     4.96708     0.29009920    
     4.97058     0.28689041    
     4.97408     0.28368805    
     4.97758     0.28049197    
     4.98108     0.27730205    
     4.98458     0.27411817    
     4.98808     0.27094020    
     4.99158     0.26776802    
     4.99508     0.26460149    
     4.99858     0.26144050    
     5.00208     0.25828492    
     5.00558     0.25513464    
     5.00908     0.25198951    
     5.01258     0.24884943    
     5.01608     0.24571428    
     5.01958     0.24258393    
     5.02308     0.23945826    
     5.02658     0.23633716    
     5.03008     0.23322050    
     5.03358     0.23010817    
     5.03708     0.22700004    
     5.04058     0.22389601    
     5.04408     0.22079595    
     5.04758     0.21769975    
     5.05108     0.21460729    
     5.05458     0.21151845    
     5.05808     0.20843313    
     5.06158     0.20535120    
     5.06508     0.20227256    
     5.06858     0.19919708    
     5.07208     0.19612465    
     5.07558     0.19305517    
     5.07908     0.18998851    
     5.08258     0.18692457    
     5.08608     0.18386323    
     5.08958     0.18080438    
     5.09308     0.17774791    
     5.09658     0.17469371    
     5.10008     0.17164167    
     5.10358     0.16859168    
     5.10708     0.16554362    
     5.11058     0.16249738    
     5.11408     0.15945286    
     5.11758     0.15640995    
     5.12108     0.15336854    
     5.12458     0.15032852    
     5.12808     0.14728977    
     5.13158     0.14425219    
     5.13508     0.14121568    
     5.13858     0.13818012    
     5.14208     0.13514540    
     5.14558     0.13211142    
     5.14908     0.12907807    
     5.15258     0.12604524    
     5.15608     0.12301283    
     5.15958     0.11998072    
     5.16308     0.11694881    
     5.16658     0.11391699    
     5.17008     0.11088515    
     5.17358     0.10785319    
     5.17708     0.10482100    
     5.18058     0.10178847    
     5.18408     0.98755503E-01
     5.18758     0.95721980E-01
     5.19108     0.92687798E-01
     5.19458     0.89652853E-01
     5.19808     0.86617035E-01
     5.20158     0.83580238E-01
     5.20508     0.80542355E-01
     5.20858     0.77503280E-01
     5.21208     0.74462905E-01
     5.21558     0.71421124E-01
     5.21908     0.68377831E-01
     5.22258     0.65332913E-01
     5.22608     0.62286270E-01
     5.22958     0.59237792E-01
     5.23308     0.56187371E-01
     5.23658     0.53134901E-01
     5.24008     0.50080275E-01
     5.24358     0.47023382E-01
     5.24708     0.43964119E-01
     5.25058     0.40902375E-01
     5.25408     0.37838043E-01
     5.25758     0.34771013E-01
     5.26108     0.31701179E-01
     5.26458     0.28628434E-01
     5.26808     0.25552666E-01
     5.27158     0.22473767E-01
     5.27508     0.19391629E-01
     5.27858     0.16306143E-01
     5.28208     0.13217198E-01
     5.28558     0.10124685E-01
     5.28908     0.70284943E-02
     5.29258     0.39285158E-02
     5.29608     0.82463908E-03
     5.29958    -0.22832464E-02
     5.30308    -0.53952520E-02
     5.30658    -0.85114894E-02
     5.31008    -0.11632068E-01
     5.31358    -0.14757102E-01
     5.31708    -0.17886703E-01
     5.32058    -0.21020983E-01
     5.32408    -0.24160055E-01
     5.32758    -0.27304032E-01
     5.33108    -0.30453027E-01
     5.33458    -0.33607155E-01
     5.33808    -0.36766531E-01
     5.34158    -0.39931267E-01
     5.34508    -0.43101480E-01
     5.34858    -0.46277284E-01
     5.35208    -0.49458797E-01
     5.35558    -0.52646133E-01
     5.35908    -0.55839409E-01
     5.36258    -0.59038745E-01
     5.36608    -0.62244257E-01
     5.36958    -0.65456061E-01
     5.37308    -0.68674277E-01
     5.37658    -0.71899025E-01
     5.38008    -0.75130425E-01
     5.38358    -0.78368594E-01
     5.38708    -0.81613656E-01
     5.39058    -0.84865730E-01
     5.39408    -0.88124940E-01
     5.39758    -0.91391407E-01
     5.40108    -0.94665251E-01
     5.40458    -0.97946600E-01
     5.40808    -0.10123558    
     5.41158    -0.10453230    
     5.41508    -0.10783691    
     5.41858    -0.11114952    
     5.42208    -0.11447025    
     5.42558    -0.11779925    
     5.42908    -0.12113662    
     5.43258    -0.12448251    
     5.43608    -0.12783705    
     5.43958    -0.13120035    
     5.44308    -0.13457256    
     5.44658    -0.13795380    
     5.45008    -0.14134421    
     5.45358    -0.14474391    
     5.45708    -0.14815305    
     5.46058    -0.15157176    
     5.46408    -0.15500017    
     5.46758    -0.15843841    
     5.47108    -0.16188663    
     5.47458    -0.16534497    
     5.47808    -0.16881355    
     5.48158    -0.17229253    
     5.48508    -0.17578203    
     5.48858    -0.17928221    
     5.49208    -0.18279320    
     5.49558    -0.18631515    
     5.49908    -0.18984820    
     5.50258    -0.19339249    
     5.50608    -0.19694818    
     5.50958    -0.20051540    
     5.51308    -0.20409431    
     5.51658    -0.20768506    
     5.52008    -0.21128779    
     5.52358    -0.21490265    
     5.52708    -0.21852980    
     5.53058    -0.22216940    
     5.53408    -0.22582158    
     5.53758    -0.22948652    
     5.54108    -0.23316436    
     5.54458    -0.23685527    
     5.54808    -0.24055940    
     5.55158    -0.24427691    
     5.55508    -0.24800796    
     5.55858    -0.25175272    
     5.56208    -0.25551134    
     5.56558    -0.25928400    
     5.56908    -0.26307086    
     5.57258    -0.26687208    
     5.57608    -0.27068784    
     5.57958    -0.27451830    
     5.58308    -0.27836364    
     5.58658    -0.28222403    
     5.59008    -0.28609964    
     5.59358    -0.28999065    
     5.59708    -0.29389723    
     5.60058    -0.29781956    
     5.60408    -0.30175783    
     5.60758    -0.30571221    
     5.61108    -0.30968288    
     5.61458    -0.31367004    
     5.61808    -0.31767386    
     5.62158    -0.32169454    
     5.62508    -0.32573225    
     5.62858    -0.32978720    
     5.63208    -0.33385958    
     5.63558    -0.33794957    
     5.63908    -0.34205737    
     5.64258    -0.34618319    
     5.64608    -0.35032722    
     5.64958    -0.35448965    
     5.65308    -0.35867070    
     5.65658    -0.36287057    
     5.66008    -0.36708946    
     5.66358    -0.37132759    
     5.66708    -0.37558515    
     5.67058    -0.37986237    
     5.67408    -0.38415945    
     5.67758    -0.38847662    
     5.68108    -0.39281408    
     5.68458    -0.39717207    
     5.68808    -0.40155080    
     5.69158    -0.40595049    
     5.69508    -0.41037137    
     5.69858    -0.41481368    
     5.70208    -0.41927763    
     5.70558    -0.42376347    
     5.70908    -0.42827142    
     5.71258    -0.43280173    
     5.71608    -0.43735463    
     5.71958    -0.44193036    
     5.72308    -0.44652917    
     5.72658    -0.45115131    
     5.73008    -0.45579702    
     5.73358    -0.46046655    
     5.73708    -0.46516017    
     5.74058    -0.46987811    
     5.74408    -0.47462066    
     5.74758    -0.47938806    
     5.75108    -0.48418057    
     5.75458    -0.48899847    
     5.75808    -0.49384203    
     5.76158    -0.49871152    
     5.76508    -0.50360721    
     5.76858    -0.50852938    
     5.77208    -0.51347831    
     5.77558    -0.51845428    
     5.77908    -0.52345759    
     5.78258    -0.52848852    
     5.78608    -0.53354737    
     5.78958    -0.53863442    
     5.79308    -0.54374998    
     5.79658    -0.54889436    
     5.80008    -0.55406785    
     5.80358    -0.55927076    
     5.80708    -0.56450342    
     5.81058    -0.56976612    
     5.81408    -0.57505920    
     5.81758    -0.58038297    
     5.82108    -0.58573776    
     5.82458    -0.59112390    
     5.82808    -0.59654172    
     5.83158    -0.60199156    
     5.83508    -0.60747375    
     5.83858    -0.61298865    
     5.84208    -0.61853660    
     5.84558    -0.62411796    
     5.84908    -0.62973307    
     5.85258    -0.63538230    
     5.85608    -0.64106601    
     5.85958    -0.64678458    
     5.86308    -0.65253836    
     5.86658    -0.65832775    
     5.87008    -0.66415311    
     5.87358    -0.67001485    
     5.87708    -0.67591333    
     5.88058    -0.68184897    
     5.88408    -0.68782215    
     5.88758    -0.69383329    
     5.89108    -0.69988279    
     5.89458    -0.70597106    
     5.89808    -0.71209852    
     5.90158    -0.71826560    
     5.90508    -0.72447271    
     5.90858    -0.73072031    
     5.91208    -0.73700881    
     5.91558    -0.74333867    
     5.91908    -0.74971034    
     5.92258    -0.75612427    
     5.92608    -0.76258091    
     5.92958    -0.76908074    
     5.93308    -0.77562423    
     5.93658    -0.78221184    
     5.94008    -0.78884407    
     5.94358    -0.79552141    
     5.94708    -0.80224434    
     5.95058    -0.80901337    
     5.95408    -0.81582901    
     5.95758    -0.82269176    
     5.96108    -0.82960216    
     5.96458    -0.83656071    
     5.96808    -0.84356797    
     5.97158    -0.85062446    
     5.97508    -0.85773073    
     5.97858    -0.86488734    
     5.98208    -0.87209485    
     5.98558    -0.87935382    
     5.98908    -0.88666483    
     5.99258    -0.89402846    
     5.99608    -0.90144530    
     5.99958    -0.90891595    
     6.00308    -0.91644102    
     6.00658    -0.92402111    
     6.01008    -0.93165685    
     6.01358    -0.93934887    
     6.01708    -0.94709780    
     6.02058    -0.95490430    
     6.02408    -0.96276901    
     6.02758    -0.97069260    
     6.03108    -0.97867574    
     6.03458    -0.98671911    
     6.03808    -0.99482340    
     6.04158     -1.0029893    
     6.04508     -1.0112176    
     6.04858     -1.0195089    
     6.05208     -1.0278639    
     6.05558     -1.0362835    
     6.05908     -1.0447684    
     6.06258     -1.0533193    
     6.06608     -1.0619369    
     6.06958     -1.0706222    
     6.07308     -1.0793758    
     6.07658     -1.0881986    
     6.08008     -1.0970913    
     6.08358     -1.1060549    
     6.08708     -1.1150901    
     6.09058     -1.1241978    
     6.09408     -1.1333788    
     6.09758     -1.1426340    
     6.10108     -1.1519644    
     6.10458     -1.1613707    
     6.10808     -1.1708540    
     6.11158     -1.1804150    
     6.11508     -1.1900549    
     6.11858     -1.1997744    
     6.12208     -1.2095747    
     6.12558     -1.2194566    
     6.12908     -1.2294211    
     6.13258     -1.2394693    
     6.13608     -1.2496022    
     6.13958     -1.2598208    
     6.14308     -1.2701261    
     6.14658     -1.2805193    
     6.15008     -1.2910013    
     6.15358     -1.3015734    
     6.15708     -1.3122366    
     6.16058     -1.3229921    
     6.16408     -1.3338410    
     6.16758     -1.3447844    
     6.17108     -1.3558236    
     6.17458     -1.3669598    
     6.17808     -1.3781942    
     6.18158     -1.3895279    
     6.18508     -1.4009624    
     6.18858     -1.4124988    
     6.19208     -1.4241384    
     6.19558     -1.4358827    
     6.19908     -1.4477328    
     6.20258     -1.4596902    
     6.20608     -1.4717563    
     6.20958     -1.4839324    
     6.21308     -1.4962200    
     6.21658     -1.5086205    
     6.22008     -1.5211354    
     6.22358     -1.5337662    
     6.22708     -1.5465144    
     6.23058     -1.5593816    
     6.23408     -1.5723693    
     6.23758     -1.5854791    
     6.24108     -1.5987126    
     6.24458     -1.6120715    
     6.24808     -1.6255574    
     6.25158     -1.6391721    
     6.25508     -1.6529173    
     6.25858     -1.6667946    
     6.26208     -1.6808060    
     6.26558     -1.6949533    
     6.26908     -1.7092382    
     6.27258     -1.7236626    
     6.27608     -1.7382285    
     6.27958     -1.7529378    
     6.28308     -1.7677925    
     6.28658     -1.7827945    
     6.29008     -1.7979460    
     6.29358     -1.8132490    
     6.29708     -1.8287055    
     6.30058     -1.8443178    
     6.30408     -1.8600881    
     6.30758     -1.8760185    
     6.31108     -1.8921114    
     6.31458     -1.9083689    
     6.31808     -1.9247936    
     6.32158     -1.9413877    
     6.32508     -1.9581536    
     6.32858     -1.9750940    
     6.33208     -1.9922112    
     6.33558     -2.0095078    
     6.33908     -2.0269864    
     6.34258     -2.0446497    
     6.34608     -2.0625004    
     6.34958     -2.0805412    
     6.35308     -2.0987749    
     6.35658     -2.1172045    
     6.36008     -2.1358327    
     6.36358     -2.1546625    
     6.36708     -2.1736970    
     6.37058     -2.1929392    
     6.37408     -2.2123922    
     6.37758     -2.2320593    
     6.38108     -2.2519437    
     6.38458     -2.2720486    
     6.38808     -2.2923775    
     6.39158     -2.3129337    
     6.39508     -2.3337209    
     6.39858     -2.3547425    
     6.40208     -2.3760022    
     6.40558     -2.3975036    
     6.40908     -2.4192507    
     6.41258     -2.4412471    
     6.41608     -2.4634969    
     6.41958     -2.4860041    
     6.42308     -2.5087727    
     6.42658     -2.5318069    
     6.43008     -2.5551110    
     6.43358     -2.5786893    
     6.43708     -2.6025462    
     6.44058     -2.6266862    
     6.44408     -2.6511140    
     6.44758     -2.6758342    
     6.45108     -2.7008516    
     6.45458     -2.7261712    
     6.45808     -2.7517978    
     6.46158     -2.7777367    
     6.46508     -2.8039930    
     6.46858     -2.8305721    
     6.47208     -2.8574793    
     6.47558     -2.8847202    
     6.47908     -2.9123005    
     6.48258     -2.9402260    
     6.48608     -2.9685025    
     6.48958     -2.9971360    
     6.49308     -3.0261329    
     6.49658     -3.0554992    
     6.50008     -3.0852416    
     6.50358     -3.1153665    
     6.50708     -3.1458807    
     6.51058     -3.1767910    
     6.51408     -3.2081045    
     6.51758     -3.2398284    
     6.52108     -3.2719699    
     6.52458     -3.3045367    
     6.52808     -3.3375363    
     6.53158     -3.3709767    
     6.53508     -3.4048658    
     6.53858     -3.4392119    
     6.54208     -3.4740234    
     6.54558     -3.5093090    
     6.54908     -3.5450773    
     6.55258     -3.5813374    
     6.55608     -3.6180986    
