     2.30272      2.0567870    
     2.30622      2.0853583    
     2.30972      2.1144802    
     2.31322      2.1441671    
     2.31672      2.1744341    
     2.32022      2.2052968    
     2.32372      2.2367716    
     2.32722      2.2688750    
     2.33072      2.3016245    
     2.33422      2.3350382    
     2.33772      2.3691346    
     2.34122      2.4039333    
     2.34472      2.4394545    
     2.34822      2.4757190    
     2.35172      2.5127488    
     2.35522      2.5505665    
     2.35872      2.5891958    
     2.36222      2.6286614    
     2.36572      2.6689887    
     2.36922      2.7102047    
     2.37272      2.7523371    
     2.37622      2.7954148    
     2.37972      2.8394680    
     2.38322      2.8845281    
     2.38672      2.9306275    
     2.39022      2.9778002    
     2.39372      3.0260810    
     2.39722      3.0755064    
     2.40072      3.1261139    
     2.40422      3.1779427    
     2.40772      3.2310329    
     2.41122      3.2854266    
     2.41472      3.3411671    
     2.41822      3.3982996    
     2.42172      3.4568711    
     2.42522      3.5169309    
     2.42872      3.5785304    
     2.43222      3.6417236    
     2.43572      3.7065674    
     2.43922      3.7731219    
     2.44272      3.8414509    
     2.44622      3.9116219    
     2.44972      3.9837070    
     2.45322      4.0577826    
     2.45672      4.1339308    
     2.46022      4.2122389    
     2.46372      4.2928007    
     2.46722      4.3757166    
     2.47072      4.4610943    
     2.47422      4.5490501    
     2.47772      4.6397092    
     2.48122      4.7332077    
     2.48472      4.8296940    
     2.48822      4.9293312    
     2.49172      5.0323003    
     2.49522      5.1388042    
     2.49872      5.2490733    
     2.50222      5.3633728    
     2.50572      5.4820118    
     2.50922      5.6053551    
     2.51272      5.7338378    
     2.51622      5.8679830    
     2.51972      6.0084225    
     2.52322      6.1559202    
     2.52672      6.3113987    
     2.53022      6.4759658    
     2.53372      6.6509414    
     2.53722      6.8378810    
     2.54072      7.0385936    
     2.54422      7.2551490    
     2.54772      7.4898728    
     2.55122      7.7453224    
     2.55472      8.0242421    
     2.55822      8.3294939    
     2.56172      8.6639627    
     2.56522      9.0304365    
     2.56872      9.4314663    
     2.57222      9.8692101    
     2.57572      10.345273    
     2.57922      10.860551    
     2.58272      11.415101    
     2.58622      12.008044    
     2.58972      12.637515    
     2.59322      13.300684    
     2.59672      13.993848    
     2.60022      14.712596    
     2.60372      15.452058    
     2.60722      16.207217    
     2.61072      16.973283    
     2.61422      17.746103    
     2.61772      18.522593    
     2.62122      19.301160    
     2.62472      20.082105    
     2.62822      20.867981    
     2.63172      21.663892    
     2.63522      22.477743    
     2.63872      23.320419    
     2.64222      24.205929    
     2.64572      25.151532    
     2.64922      26.177879    
     2.65272      27.309227    
     2.65622      28.573806    
     2.65972      30.004422    
     2.66322      31.639449    
     2.66672      33.524372    
     2.67022      35.714121    
     2.67372      38.276494    
     2.67722      41.297051    
     2.68072      44.885924    
     2.68422      49.187079    
     2.68772      54.390609    
     2.69122      60.748632    
     2.69472      68.595301    
     2.69822      78.371248    
     2.70172      90.652434    
     2.70522      106.18287    
     2.70872      125.90995    
     2.71222      151.02021    
     2.71572      182.97220    
     2.71922      223.52209    
     2.72272      274.73626    
     2.72622      338.98458    
     2.72972      418.90719    
     2.73322      517.34818    
     2.73672      637.25066    
     2.74022      781.50974    
     2.74372      952.78371    
     2.74722      1153.2681    
     2.75072      1384.4422    
     2.75422      1646.8043    
     2.75772      1939.6155    
     2.76122      2260.6773    
     2.76472      2606.1698    
     2.76822      2970.5768    
     2.77172      3346.7197    
     2.77522      3725.9160    
     2.77872      4098.2672    
     2.78222      4453.0691    
     2.78572      4779.3258    
     2.78922      5066.3334    
     2.79272      5304.2919    
     2.79622      5484.8972    
     2.79972      5601.8621    
     2.80322      5651.3218    
     2.80672      5632.0846    
     2.81022      5545.7078    
     2.81372      5396.3888    
     2.81722      5190.6821    
     2.82072      4937.0705    
     2.82422      4645.4258    
     2.82772      4326.4093    
     2.83122      3990.8619    
     2.83472      3649.2315    
     2.83822      3311.0797    
     2.84172      2984.6989    
     2.84522      2676.8562    
     2.84872      2392.6711    
     2.85222      2135.6173    
     2.85572      1907.6342    
     2.85922      1709.3221    
     2.86272      1540.1959    
     2.86622      1398.9693    
     2.86972      1283.8440    
     2.87322      1192.7854    
     2.87672      1123.7667    
     2.88022      1074.9743    
     2.88372      1044.9663    
     2.88722      1032.7858    
     2.89072      1038.0283    
     2.89422      1060.8677    
     2.89772      1102.0434    
     2.90122      1162.8128    
     2.90472      1244.8713    
     2.90822      1350.2423    
     2.91172      1481.1372    
     2.91522      1639.7893    
     2.91872      1828.2624    
     2.92222      2048.2387    
     2.92572      2300.7922    
     2.92922      2586.1588    
     2.93272      2903.5131    
     2.93622      3250.7705    
     2.93972      3624.4305    
     2.94322      4019.4809    
     2.94672      4429.3806    
     2.95022      4846.1367    
     2.95372      5260.4835    
     2.95722      5662.1681    
     2.96072      6040.3339    
     2.96422      6383.9869    
     2.96772      6682.5189    
     2.97122      6926.2536    
     2.97472      7106.9772    
     2.97822      7218.4128    
     2.98172      7256.5993    
     2.98522      7220.1434    
     2.98872      7110.3203    
     2.99222      6931.0149    
     2.99572      6688.5038    
     2.99922      6391.0988    
     3.00272      6048.6769    
     3.00622      5672.1370    
     3.00972      5272.8243    
     3.01322      4861.9667    
     3.01672      4450.1620    
     3.02022      4046.9489    
     3.02372      3660.4849    
     3.02722      3297.3430    
     3.03072      2962.4281    
     3.03422      2659.0051    
     3.03772      2388.8211    
     3.04122      2152.3018    
     3.04472      1948.7947    
     3.04822      1776.8389    
     3.05172      1634.4348    
     3.05522      1519.2993    
     3.05872      1429.0887    
     3.06222      1361.5834    
     3.06572      1314.8265    
     3.06922      1287.2174    
     3.07272      1277.5609    
     3.07622      1285.0770    
     3.07972      1309.3748    
     3.08322      1350.3976    
     3.08672      1408.3440    
     3.09022      1483.5706    
     3.09372      1576.4811    
     3.09722      1687.4070    
     3.10072      1816.4847    
     3.10422      1963.5341    
     3.10772      2127.9438    
     3.11122      2308.5694    
     3.11472      2503.6515    
     3.11822      2710.7593    
     3.12172      2926.7668    
     3.12522      3147.8679    
     3.12872      3369.6334    
     3.13222      3587.1131    
     3.13572      3794.9817    
     3.13922      3987.7252    
     3.14272      4159.8588    
     3.14622      4306.1664    
     3.14972      4421.9472    
     3.15322      4503.2532    
     3.15672      4547.1005    
     3.16022      4551.6393    
     3.16372      4516.2677    
     3.16722      4441.6799    
     3.17072      4329.8437    
     3.17422      4183.9076    
     3.17772      4008.0430    
     3.18122      3807.2338    
     3.18472      3587.0277    
     3.18822      3353.2672    
     3.19172      3111.8202    
     3.19522      2868.3264    
     3.19872      2627.9774    
     3.20222      2395.3406    
     3.20572      2174.2358    
     3.20922      1967.6666    
     3.21272      1777.8052    
     3.21622      1606.0259    
     3.21972      1452.9773    
     3.22322      1318.6843    
     3.22672      1202.6679    
     3.23022      1104.0732    
     3.23372      1021.7948    
     3.23722      954.59278    
     3.24072      901.19311    
     3.24422      860.36820    
     3.24772      830.99685    
     3.25122      812.10271    
     3.25472      802.87270    
     3.25822      802.65763    
     3.26172      810.95761    
     3.26522      827.39536    
     3.26872      851.68051    
     3.27222      883.56787    
     3.27572      922.81243    
     3.27922      969.12397    
     3.28272      1022.1235    
     3.28622      1081.3038    
     3.28972      1145.9969    
     3.29322      1215.3490    
     3.29672      1288.3063    
     3.30022      1363.6121    
     3.30372      1439.8170    
     3.30722      1515.3024    
     3.31072      1588.3166    
     3.31422      1657.0252    
     3.31772      1719.5704    
     3.32122      1774.1399    
     3.32472      1819.0400    
     3.32822      1852.7699    
     3.33172      1874.0917    
     3.33522      1882.0919    
     3.33872      1876.2305    
     3.34222      1856.3730    
     3.34572      1822.8026    
     3.34922      1776.2119    
     3.35272      1717.6743    
     3.35622      1648.5952    
     3.35972      1570.6477    
     3.36322      1485.6964    
     3.36672      1395.7148    
     3.37022      1302.7005    
     3.37372      1208.5948    
     3.37722      1115.2117    
     3.38072      1024.1779    
     3.38422      936.88948    
     3.38772      854.48379    
     3.39122      777.82838    
     3.39472      707.52486    
     3.39822      643.92581    
     3.40172      587.16192    
     3.40522      537.17622    
     3.40872      493.76208    
     3.41222      456.60228    
     3.41572      425.30625    
     3.41922      399.44374    
     3.42272      378.57328    
     3.42622      362.26475    
     3.42972      350.11556    
     3.43322      341.76080    
     3.43672      336.87763    
     3.44022      335.18480    
     3.44372      336.43806    
     3.44722      340.42256    
     3.45072      346.94303    
     3.45422      355.81282    
     3.45772      366.84253    
     3.46122      379.82918    
     3.46472      394.54648    
     3.46822      410.73683    
     3.47172      428.10569    
     3.47522      446.31851    
     3.47872      465.00074    
     3.48222      483.74087    
     3.48572      502.09673    
     3.48922      519.60478    
     3.49272      535.79204    
     3.49622      550.19039    
     3.49972      562.35232    
     3.50322      571.86752    
     3.50672      578.37927    
     3.51022      581.59973    
     3.51372      581.32305    
     3.51722      577.43551    
     3.52072      569.92181    
     3.52422      558.86704    
     3.52772      544.45407    
     3.53122      526.95638    
     3.53472      506.72673    
     3.53822      484.18226    
     3.54172      459.78703    
     3.54522      434.03300    
     3.54872      407.42062    
     3.55222      380.44016    
     3.55572      353.55487    
     3.55922      327.18672    
     3.56272      301.70543    
     3.56622      277.42100    
     3.56972      254.57995    
     3.57322      233.36487    
     3.57672      213.89715    
     3.58022      196.24202    
     3.58372      180.41549    
     3.58722      166.39239    
     3.59072      154.11495    
     3.59422      143.50122    
     3.59772      134.45299    
     3.60122      126.86273    
     3.60472      120.61943    
     3.60822      115.61315    
     3.61172      111.73821    
     3.61522      108.89529    
     3.61872      106.99222    
     3.62222      105.94402    
     3.62572      105.67203    
     3.62922      106.10258    
     3.63272      107.16526    
     3.63622      108.79101    
     3.63972      110.91032    
     3.64322      113.45144    
     3.64672      116.33901    
     3.65022      119.49310    
     3.65372      122.82865    
     3.65722      126.25560    
     3.66072      129.67944    
     3.66422      133.00249    
     3.66772      136.12557    
     3.67122      138.95025    
     3.67472      141.38139    
     3.67822      143.32993    
     3.68172      144.71583    
     3.68522      145.47083    
     3.68872      145.54104    
     3.69222      144.88913    
     3.69572      143.49586    
     3.69922      141.36108    
     3.70272      138.50381    
     3.70622      134.96164    
     3.70972      130.78930    
     3.71322      126.05652    
     3.71672      120.84528    
     3.72022      115.24662    
     3.72372      109.35722    
     3.72722      103.27588    
     3.73072      97.100066    
     3.73422      90.922886    
     3.73772      84.830374    
     3.74122      78.899387    
     3.74472      73.196090    
     3.74822      67.775061    
     3.75172      62.678993    
     3.75522      57.938937    
     3.75872      53.574989    
     3.76222      49.597326    
     3.76572      46.007482    
     3.76922      42.799752    
     3.77272      39.962635    
     3.77622      37.480225    
     3.77972      35.333496    
     3.78322      33.501421    
     3.78672      31.961910    
     3.79022      30.692553    
     3.79372      29.671158    
     3.79722      28.876116    
     3.80072      28.286593    
     3.80422      27.882592    
     3.80772      27.644899    
     3.81122      27.554957    
     3.81472      27.594689    
     3.81822      27.746295    
     3.82172      27.992068    
     3.82522      28.314223    
     3.82872      28.694789    
     3.83222      29.115555    
     3.83572      29.558093    
     3.83922      30.003857    
     3.84272      30.434364    
     3.84622      30.831448    
     3.84972      31.177571    
     3.85322      31.456188    
     3.85672      31.652137    
     3.86022      31.752041    
     3.86372      31.744688    
     3.86722      31.621372    
     3.87072      31.376174    
     3.87422      31.006157    
     3.87772      30.511463    
     3.88122      29.895300    
     3.88472      29.163818    
     3.88822      28.325871    
     3.89172      27.392687    
     3.89522      26.377450    
     3.89872      25.294816    
     3.90222      24.160404    
     3.90572      22.990268    
     3.90922      21.800387    
     3.91272      20.606196    
     3.91622      19.422178    
     3.91972      18.261526    
     3.92322      17.135892    
     3.92672      16.055223    
     3.93022      15.027674    
     3.93372      14.059606    
     3.93722      13.155643    
     3.94072      12.318788    
     3.94422      11.550576    
     3.94772      10.851250    
     3.95122      10.219950    
     3.95472      9.6549124    
     3.95822      9.1536502    
     3.96172      8.7131254    
     3.96522      8.3299023    
     3.96872      8.0002771    
     3.97222      7.7203862    
     3.97572      7.4862907    
     3.97922      7.2940396    
     3.98272      7.1397147    
     3.98622      7.0194575    
     3.98972      6.9294834    
     3.99322      6.8660864    
     3.99672      6.8256361    
     4.00022      6.8045722    
     4.00372      6.7993982    
     4.00722      6.8066781    
     4.01072      6.8230377    
     4.01422      6.8451720    
     4.01772      6.8698605    
     4.02122      6.8939901    
     4.02472      6.9145849    
     4.02822      6.9288433    
     4.03172      6.9341791    
     4.03522      6.9282653    
     4.03872      6.9090784    
     4.04222      6.8749396    
     4.04572      6.8245509    
     4.04922      6.7570230    
     4.05272      6.6718935    
     4.05622      6.5691327    
     4.05972      6.4491368    
     4.06322      6.3127074    
     4.06672      6.1610185    
     4.07022      5.9955717    
     4.07372      5.8181421    
     4.07722      5.6307169    
     4.08072      5.4354292    
     4.08422      5.2344919    
     4.08772      5.0301317    
     4.09122      4.8245290    
     4.09472      4.6197637    
     4.09822      4.4177696    
     4.10172      4.2202985    
     4.10522      4.0288936    
     4.10872      3.8448739    
     4.11222      3.6693262    
     4.11572      3.5031066    
     4.11922      3.3468478    
     4.12272      3.2009726    
     4.12622      3.0657108    
     4.12972      2.9411191    
     4.13322      2.8271024    
     4.13672      2.7234356    
     4.14022      2.6297850    
     4.14372      2.5457282    
     4.14722      2.4707733    
     4.15072      2.4043754    
     4.15422      2.3459520    
     4.15772      2.2948949    
     4.16122      2.2505813    
     4.16472      2.2123824    
     4.16822      2.1796700    
     4.17172      2.1518216    
     4.17522      2.1282249    
     4.17872      2.1082798    
     4.18222      2.0914019    
     4.18572      2.0770234    
     4.18922      2.0645958    
     4.19272      2.0535918    
     4.19622      2.0435074    
     4.19972      2.0338652    
     4.20322      2.0242177    
     4.20672      2.0141508    
     4.21022      2.0032878    
     4.21372      1.9912936    
     4.21722      1.9778786    
     4.22072      1.9628022    
     4.22422      1.9458760    
     4.22772      1.9269654    
     4.23122      1.9059912    
     4.23472      1.8829290    
     4.23822      1.8578075    
     4.24172      1.8307064    
     4.24522      1.8017515    
     4.24872      1.7711097    
     4.25222      1.7389828    
     4.25572      1.7056006    
     4.25922      1.6712133    
     4.26272      1.6360843    
     4.26622      1.6004826    
     4.26972      1.5646760    
     4.27322      1.5289244    
     4.27672      1.4934752    
     4.28022      1.4585576    
     4.28372      1.4243799    
     4.28722      1.3911263    
     4.29072      1.3589555    
     4.29422      1.3279997    
     4.29772      1.2983649    
     4.30122      1.2701309    
     4.30472      1.2433529    
     4.30822      1.2180628    
     4.31172      1.1942714    
     4.31522      1.1719699    
     4.31872      1.1511326    
     4.32222      1.1317188    
     4.32572      1.1136755    
     4.32922      1.0969392    
     4.33272      1.0814379    
     4.33622      1.0670934    
     4.33972      1.0538228    
     4.34322      1.0415402    
     4.34672      1.0301578    
     4.35022      1.0195872    
     4.35372      1.0097407    
     4.35722      1.0005316    
     4.36072     0.99187530    
     4.36422     0.98368959    
     4.36772     0.97589545    
     4.37122     0.96841729    
     4.37472     0.96118348    
     4.37822     0.95412670    
     4.38172     0.94718433    
     4.38522     0.94029884    
     4.38872     0.93341816    
     4.39222     0.92649601    
     4.39572     0.91949221    
     4.39922     0.91237291    
     4.40272     0.90511081    
     4.40622     0.89768520    
     4.40972     0.89008198    
     4.41322     0.88229355    
     4.41672     0.87431853    
     4.42022     0.86616141    
     4.42372     0.85783209    
     4.42722     0.84934533    
     4.43072     0.84072005    
     4.43422     0.83197864    
     4.43772     0.82314620    
     4.44122     0.81424979    
     4.44472     0.80531764    
     4.44822     0.79637845    
     4.45172     0.78746071    
     4.45522     0.77859210    
     4.45872     0.76979894    
     4.46222     0.76110575    
     4.46572     0.75253492    
     4.46922     0.74410640    
     4.47272     0.73583751    
     4.47622     0.72774283    
     4.47972     0.71983419    
     4.48322     0.71212061    
     4.48672     0.70460843    
     4.49022     0.69730141    
     4.49372     0.69020087    
     4.49722     0.68330592    
     4.50072     0.67661362    
     4.50422     0.67011923    
     4.50772     0.66381645    
     4.51122     0.65769768    
     4.51472     0.65175419    
     4.51822     0.64597644    
     4.52172     0.64035419    
     4.52522     0.63487677    
     4.52872     0.62953326    
     4.53222     0.62431257    
     4.53572     0.61920368    
     4.53922     0.61419569    
     4.54272     0.60927795    
     4.54622     0.60444017    
     4.54972     0.59967245    
     4.55322     0.59496538    
     4.55672     0.59031013    
     4.56022     0.58569842    
     4.56372     0.58112263    
     4.56722     0.57657582    
     4.57072     0.57205176    
     4.57422     0.56754496    
     4.57772     0.56305066    
     4.58122     0.55856488    
     4.58472     0.55408438    
     4.58822     0.54960667    
     4.59172     0.54513000    
     4.59522     0.54065329    
     4.59872     0.53617613    
     4.60222     0.53169872    
     4.60572     0.52722177    
     4.60922     0.52274651    
     4.61272     0.51827457    
     4.61622     0.51380791    
     4.61972     0.50934876    
     4.62322     0.50489956    
     4.62672     0.50046286    
     4.63022     0.49604125    
     4.63372     0.49163734    
     4.63722     0.48725365    
     4.64072     0.48289260    
     4.64422     0.47855645    
     4.64772     0.47424726    
     4.65122     0.46996688    
     4.65472     0.46571689    
     4.65822     0.46149863    
     4.66172     0.45731316    
     4.66522     0.45316126    
     4.66872     0.44904345    
     4.67222     0.44495998    
     4.67572     0.44091086    
     4.67922     0.43689586    
     4.68272     0.43291452    
     4.68622     0.42896621    
     4.68972     0.42505012    
     4.69322     0.42116529    
     4.69672     0.41731064    
     4.70022     0.41348499    
     4.70372     0.40968708    
     4.70722     0.40591563    
     4.71072     0.40216927    
     4.71422     0.39844664    
     4.71772     0.39474640    
     4.72122     0.39106720    
     4.72472     0.38740771    
     4.72822     0.38376665    
     4.73172     0.38014280    
     4.73522     0.37653497    
     4.73872     0.37294205    
     4.74222     0.36936300    
     4.74572     0.36579684    
     4.74922     0.36224267    
     4.75272     0.35869969    
     4.75622     0.35516716    
     4.75972     0.35164443    
     4.76322     0.34813092    
     4.76672     0.34462615    
     4.77022     0.34112971    
     4.77372     0.33764125    
     4.77722     0.33416050    
     4.78072     0.33068727    
     4.78422     0.32722141    
     4.78772     0.32376282    
     4.79122     0.32031148    
     4.79472     0.31686736    
     4.79822     0.31343052    
     4.80172     0.31000100    
     4.80522     0.30657889    
     4.80872     0.30316428    
     4.81222     0.29975727    
     4.81572     0.29635797    
     4.81922     0.29296648    
     4.82272     0.28958290    
     4.82622     0.28620730    
     4.82972     0.28283975    
     4.83322     0.27948031    
     4.83672     0.27612899    
     4.84022     0.27278581    
     4.84372     0.26945074    
     4.84722     0.26612374    
     4.85072     0.26280475    
     4.85422     0.25949366    
     4.85772     0.25619037    
     4.86122     0.25289473    
     4.86472     0.24960660    
     4.86822     0.24632579    
     4.87172     0.24305212    
     4.87522     0.23978537    
     4.87872     0.23652533    
     4.88222     0.23327177    
     4.88572     0.23002446    
     4.88922     0.22678315    
     4.89272     0.22354761    
     4.89622     0.22031757    
     4.89972     0.21709281    
     4.90322     0.21387307    
     4.90672     0.21065810    
     4.91022     0.20744768    
     4.91372     0.20424157    
     4.91722     0.20103953    
     4.92072     0.19784136    
     4.92422     0.19464682    
     4.92772     0.19145572    
     4.93122     0.18826786    
     4.93472     0.18508305    
     4.93822     0.18190110    
     4.94172     0.17872185    
     4.94522     0.17554511    
     4.94872     0.17237074    
     4.95222     0.16919859    
     4.95572     0.16602851    
     4.95922     0.16286037    
     4.96272     0.15969403    
     4.96622     0.15652937    
     4.96972     0.15336628    
     4.97322     0.15020463    
     4.97672     0.14704432    
     4.98022     0.14388525    
     4.98372     0.14072730    
     4.98722     0.13757038    
     4.99072     0.13441438    
     4.99422     0.13125921    
     4.99772     0.12810478    
     5.00122     0.12495097    
     5.00472     0.12179769    
     5.00822     0.11864485    
     5.01172     0.11549234    
     5.01522     0.11234006    
     5.01872     0.10918791    
     5.02222     0.10603579    
     5.02572     0.10288358    
     5.02922     0.99731181E-01
     5.03272     0.96578478E-01
     5.03622     0.93425357E-01
     5.03972     0.90271706E-01
     5.04322     0.87117407E-01
     5.04672     0.83962341E-01
     5.05022     0.80806388E-01
     5.05372     0.77649424E-01
     5.05722     0.74491330E-01
     5.06072     0.71331978E-01
     5.06422     0.68171244E-01
     5.06772     0.65009001E-01
     5.07122     0.61845123E-01
     5.07472     0.58679482E-01
     5.07822     0.55511949E-01
     5.08172     0.52342399E-01
     5.08522     0.49170701E-01
     5.08872     0.45996729E-01
     5.09222     0.42820353E-01
     5.09572     0.39641449E-01
     5.09922     0.36459885E-01
     5.10272     0.33275538E-01
     5.10622     0.30088280E-01
     5.10972     0.26897984E-01
     5.11322     0.23704526E-01
     5.11672     0.20507781E-01
     5.12022     0.17307624E-01
     5.12372     0.14103931E-01
     5.12722     0.10896577E-01
     5.13072     0.76854418E-02
     5.13422     0.44704001E-02
     5.13772     0.12513316E-02
     5.14122    -0.19718872E-02
     5.14472    -0.51993782E-02
     5.14822    -0.84312607E-02
     5.15172    -0.11667658E-01
     5.15522    -0.14908692E-01
     5.15872    -0.18154482E-01
     5.16222    -0.21405151E-01
     5.16572    -0.24660818E-01
     5.16922    -0.27921608E-01
     5.17272    -0.31187640E-01
     5.17622    -0.34459038E-01
     5.17972    -0.37735923E-01
     5.18322    -0.41018417E-01
     5.18672    -0.44306645E-01
     5.19022    -0.47600731E-01
     5.19372    -0.50900797E-01
     5.19722    -0.54206969E-01
     5.20072    -0.57519373E-01
     5.20422    -0.60838134E-01
     5.20772    -0.64163378E-01
     5.21122    -0.67495234E-01
     5.21472    -0.70833829E-01
     5.21822    -0.74179292E-01
     5.22172    -0.77531751E-01
     5.22522    -0.80891337E-01
     5.22872    -0.84258182E-01
     5.23222    -0.87632415E-01
     5.23572    -0.91014170E-01
     5.23922    -0.94403580E-01
     5.24272    -0.97800779E-01
     5.24622    -0.10120590    
     5.24972    -0.10461908    
     5.25322    -0.10804045    
     5.25672    -0.11147015    
     5.26022    -0.11490832    
     5.26372    -0.11835509    
     5.26722    -0.12181061    
     5.27072    -0.12527501    
     5.27422    -0.12874843    
     5.27772    -0.13223102    
     5.28122    -0.13572292    
     5.28472    -0.13922426    
     5.28822    -0.14273519    
     5.29172    -0.14625586    
     5.29522    -0.14978641    
     5.29872    -0.15332698    
     5.30222    -0.15687773    
     5.30572    -0.16043879    
     5.30922    -0.16401032    
     5.31272    -0.16759246    
     5.31622    -0.17118537    
     5.31972    -0.17478920    
     5.32322    -0.17840409    
     5.32672    -0.18203019    
     5.33022    -0.18566768    
     5.33372    -0.18931668    
     5.33722    -0.19297737    
     5.34072    -0.19664990    
     5.34422    -0.20033442    
     5.34772    -0.20403109    
     5.35122    -0.20774008    
     5.35472    -0.21146154    
     5.35822    -0.21519563    
     5.36172    -0.21894252    
     5.36522    -0.22270237    
     5.36872    -0.22647535    
     5.37222    -0.23026162    
     5.37572    -0.23406135    
     5.37922    -0.23787471    
     5.38272    -0.24170186    
     5.38622    -0.24554299    
     5.38972    -0.24939826    
     5.39322    -0.25326784    
     5.39672    -0.25715192    
     5.40022    -0.26105066    
     5.40372    -0.26496425    
     5.40722    -0.26889286    
     5.41072    -0.27283668    
     5.41422    -0.27679589    
     5.41772    -0.28077067    
     5.42122    -0.28476120    
     5.42472    -0.28876768    
     5.42822    -0.29279029    
     5.43172    -0.29682923    
     5.43522    -0.30088468    
     5.43872    -0.30495683    
     5.44222    -0.30904588    
     5.44572    -0.31315204    
     5.44922    -0.31727548    
     5.45272    -0.32141643    
     5.45622    -0.32557507    
     5.45972    -0.32975160    
     5.46322    -0.33394625    
     5.46672    -0.33815920    
     5.47022    -0.34239067    
     5.47372    -0.34664088    
     5.47722    -0.35091002    
     5.48072    -0.35519833    
     5.48422    -0.35950600    
     5.48772    -0.36383326    
     5.49122    -0.36818034    
     5.49472    -0.37254745    
     5.49822    -0.37693481    
     5.50172    -0.38134266    
     5.50522    -0.38577122    
     5.50872    -0.39022072    
     5.51222    -0.39469139    
     5.51572    -0.39918347    
     5.51922    -0.40369720    
     5.52272    -0.40823282    
     5.52622    -0.41279056    
     5.52972    -0.41737067    
     5.53322    -0.42197340    
     5.53672    -0.42659899    
     5.54022    -0.43124770    
     5.54372    -0.43591978    
     5.54722    -0.44061549    
     5.55072    -0.44533508    
     5.55422    -0.45007882    
     5.55772    -0.45484697    
     5.56122    -0.45963980    
     5.56472    -0.46445757    
     5.56822    -0.46930056    
     5.57172    -0.47416905    
     5.57522    -0.47906330    
     5.57872    -0.48398361    
     5.58222    -0.48893025    
     5.58572    -0.49390351    
     5.58922    -0.49890368    
     5.59272    -0.50393105    
     5.59622    -0.50898593    
     5.59972    -0.51406860    
     5.60322    -0.51917936    
     5.60672    -0.52431854    
     5.61022    -0.52948642    
     5.61372    -0.53468332    
     5.61722    -0.53990957    
     5.62072    -0.54516547    
     5.62422    -0.55045135    
     5.62772    -0.55576753    
     5.63122    -0.56111435    
     5.63472    -0.56649213    
     5.63822    -0.57190121    
     5.64172    -0.57734194    
     5.64522    -0.58281465    
     5.64872    -0.58831969    
     5.65222    -0.59385742    
     5.65572    -0.59942819    
     5.65922    -0.60503236    
     5.66272    -0.61067029    
     5.66622    -0.61634235    
     5.66972    -0.62204891    
     5.67322    -0.62779036    
     5.67672    -0.63356706    
     5.68022    -0.63937941    
     5.68372    -0.64522780    
     5.68722    -0.65111261    
     5.69072    -0.65703425    
     5.69422    -0.66299312    
     5.69772    -0.66898962    
     5.70122    -0.67502418    
     5.70472    -0.68109721    
     5.70822    -0.68720913    
     5.71172    -0.69336038    
     5.71522    -0.69955137    
     5.71872    -0.70578256    
     5.72222    -0.71205438    
     5.72572    -0.71836728    
     5.72922    -0.72472173    
     5.73272    -0.73111817    
     5.73622    -0.73755707    
     5.73972    -0.74403892    
     5.74322    -0.75056417    
     5.74672    -0.75713332    
     5.75022    -0.76374685    
     5.75372    -0.77040527    
     5.75722    -0.77710906    
     5.76072    -0.78385875    
     5.76422    -0.79065483    
     5.76772    -0.79749784    
     5.77122    -0.80438831    
     5.77472    -0.81132675    
     5.77822    -0.81831373    
     5.78172    -0.82534977    
     5.78522    -0.83243545    
     5.78872    -0.83957132    
     5.79222    -0.84675794    
     5.79572    -0.85399590    
     5.79922    -0.86128578    
     5.80272    -0.86862818    
     5.80622    -0.87602368    
     5.80972    -0.88347291    
     5.81322    -0.89097647    
     5.81672    -0.89853499    
     5.82022    -0.90614910    
     5.82372    -0.91381944    
     5.82722    -0.92154666    
     5.83072    -0.92933142    
     5.83422    -0.93717439    
     5.83772    -0.94507623    
     5.84122    -0.95303764    
     5.84472    -0.96105932    
     5.84822    -0.96914195    
     5.85172    -0.97728626    
     5.85522    -0.98549297    
     5.85872    -0.99376282    
     5.86222     -1.0020965    
     5.86572     -1.0104949    
     5.86922     -1.0189586    
     5.87272     -1.0274886    
     5.87622     -1.0360854    
     5.87972     -1.0447501    
     5.88322     -1.0534832    
     5.88672     -1.0622858    
     5.89022     -1.0711586    
     5.89372     -1.0801024    
     5.89722     -1.0891182    
     5.90072     -1.0982067    
     5.90422     -1.1073689    
     5.90772     -1.1166056    
     5.91122     -1.1259178    
     5.91472     -1.1353064    
     5.91822     -1.1447723    
     5.92172     -1.1543164    
     5.92522     -1.1639398    
     5.92872     -1.1736434    
     5.93222     -1.1834281    
     5.93572     -1.1932950    
     5.93922     -1.2032451    
     5.94272     -1.2132795    
     5.94622     -1.2233991    
     5.94972     -1.2336051    
     5.95322     -1.2438986    
     5.95672     -1.2542805    
     5.96022     -1.2647522    
     5.96372     -1.2753146    
     5.96722     -1.2859689    
     5.97072     -1.2967163    
     5.97422     -1.3075580    
     5.97772     -1.3184952    
     5.98122     -1.3295291    
     5.98472     -1.3406610    
     5.98822     -1.3518920    
     5.99172     -1.3632236    
     5.99522     -1.3746570    
     5.99872     -1.3861934    
     6.00222     -1.3978343    
     6.00572     -1.4095811    
     6.00922     -1.4214351    
     6.01272     -1.4333976    
     6.01622     -1.4454703    
     6.01972     -1.4576544    
     6.02322     -1.4699515    
     6.02672     -1.4823631    
     6.03022     -1.4948907    
     6.03372     -1.5075359    
     6.03722     -1.5203002    
     6.04072     -1.5331853    
     6.04422     -1.5461927    
     6.04772     -1.5593242    
     6.05122     -1.5725814    
     6.05472     -1.5859660    
     6.05822     -1.5994798    
     6.06172     -1.6131246    
     6.06522     -1.6269021    
     6.06872     -1.6408142    
     6.07222     -1.6548628    
     6.07572     -1.6690497    
     6.07922     -1.6833769    
     6.08272     -1.6978464    
     6.08622     -1.7124601    
     6.08972     -1.7272201    
     6.09322     -1.7421284    
     6.09672     -1.7571871    
     6.10022     -1.7723985    
     6.10372     -1.7877646    
     6.10722     -1.8032878    
     6.11072     -1.8189702    
     6.11422     -1.8348141    
     6.11772     -1.8508219    
     6.12122     -1.8669960    
     6.12472     -1.8833388    
     6.12822     -1.8998528    
     6.13172     -1.9165405    
     6.13522     -1.9334044    
     6.13872     -1.9504473    
     6.14222     -1.9676716    
     6.14572     -1.9850801    
     6.14922     -2.0026757    
     6.15272     -2.0204611    
     6.15622     -2.0384391    
     6.15972     -2.0566127    
     6.16322     -2.0749849    
     6.16672     -2.0935587    
     6.17022     -2.1123371    
     6.17372     -2.1313234    
     6.17722     -2.1505207    
     6.18072     -2.1699324    
     6.18422     -2.1895617    
     6.18772     -2.2094120    
     6.19122     -2.2294869    
     6.19472     -2.2497898    
     6.19822     -2.2703244    
     6.20172     -2.2910943    
     6.20522     -2.3121033    
     6.20872     -2.3333553    
     6.21222     -2.3548541    
     6.21572     -2.3766037    
     6.21922     -2.3986082    
     6.22272     -2.4208717    
     6.22622     -2.4433985    
     6.22972     -2.4661929    
     6.23322     -2.4892593    
     6.23672     -2.5126023    
     6.24022     -2.5362263    
     6.24372     -2.5601362    
     6.24722     -2.5843367    
     6.25072     -2.6088327    
     6.25422     -2.6336292    
     6.25772     -2.6587314    
     6.26122     -2.6841444    
     6.26472     -2.7098736    
     6.26822     -2.7359244    
     6.27172     -2.7623025    
     6.27522     -2.7890135    
     6.27872     -2.8160631    
     6.28222     -2.8434575    
     6.28572     -2.8712026    
     6.28922     -2.8993047    
     6.29272     -2.9277702    
     6.29622     -2.9566054    
     6.29972     -2.9858172    
     6.30322     -3.0154123    
